Letzter Eintrag: vom 29.11.2001
1034
3115
4054
3003
1001
1212
1156
9763
2541
6349
8888
2487
1172
5281
7971
7049
5971
4879
3653
8431
1410
6971
1726
8880
8221
9724
0675
3185
3112
8183
3874
4444
8221
1305
7334
7281
3823
2766
3331
7559
7426
0001
1768
0785
3110
2408
8222
5183
2018
6454
9456
1545
1891
2003
1163
7628
7992
0251
2909
1791
2811
4678
9816
2648
0715
7862
0929
1188
8271
2305
8375
3112
9093
8273
5169
3645
8882
5944
1222
4715
2051
5444
5939
9569
7342
2306
5891
3624
5348
6413
0000
7370
0501
1109
0220
2501
5185
1291
6881
2609
1070
8598
5869
2808
1037
2743
0815
2288
3830
7575
0311
2509
2304
6437
7166
1403
7539
1328
1967
1997
0803
4711
6543
8230
3921
3748
7777
4802
4635
3951
0046
1109
1276
2012
0057
1492
4113
7788
0612
7780
1427
9008
9146
9969
2481
1744
0312
4967
2708
6843
3879
1955
1605
3904
1958
1909
0508
0805
2534
9867
2001
1308
1948
6501
6075
1550
1245
4268
1920
1415
1973
1510
2159
2308
2146
2899
4417
7851
6899
7812
5841
2516
4210
9232
2728
2762
1956
0714
8123
8245
1102
3976
1376
1993
6323
5398
1504
1876
4378
1110
1049
3430
8016
0705
0616
0205
0185
4805
2405
1712
9823
9876
0612
1956
0610
1057
8192
2955
1904
5620
1302
2607
4521
0215
8020
1234
1612
1991
2256
1975
1968
5396
2311
1702
7236
4793
7927
2112
9748
2105
4100
7681
1822
1460
6965
1312
6401
1995
2211
7821
8413
6593
3008
0911
1307
9328
2002
2008
8187
8174
1046
8316
0308
9991
0190
1207
5962
2412
5137
2805
1354
5216
4669
8802
1709
2210
8848
8755
4012
4386
7381
3648
0909
2406
3876
8467
7295
0101
4848
5625
